Webots Project File version R2021a
perspectives: 000000ff00000000fd00000003000000000000000000000000fc0100000001fb0000001a0044006f00630075006d0065006e0074006100740069006f006e0000000000ffffffff0000006900ffffff00000001000002470000036cfc0200000001fb0000001400540065007800740045006400690074006f007200000000000000036c0000003f00ffffff00000003000003a000000080fc0100000001fb0000001a0043006f006e0073006f006c00650041006c006c0041006c006c0100000000000003a000000000000000000000073f0000040a00000001000000020000000100000008fc00000000
simulationViewPerspectives: 000000ff000000010000000200000166000005d70100000002010000000100
sceneTreePerspectives: 000000ff0000000100000002000000c0000000fa0100000002010000000200
maximizedDockId: -1
centralWidgetVisible: 1
orthographicViewHeight: 1
textFiles: -1
globalOptionalRendering: ContactPoints
renderingDevicePerspectives: UR5e:shoulder_link:upper_arm_link:forearm_link:wrist_1_link:wrist_2_link:wrist_3_link:cameras:camera;1;0.179167;0;0.893566
renderingDevicePerspectives: UR5e:shoulder_link:upper_arm_link:forearm_link:wrist_1_link:wrist_2_link:wrist_3_link:cameras:depth-sensor;1;0.185417;0;0
